41351 255
7 172 88 22 19 9 0 19
32910 19
8 0 9 19 19 88 165 255 255
32834 255
10 234 22 0 0 9 0 90 136 0 9
32908 9
6 0 131 90 0 9 0
5 0 0 225 255 255
32831 255
5 234 0 0 14 14
5 14 14 0 0 14
32910 14
4 0 0 14 14
7 14 14 0 0 234 255 255
32830 255
4 78 0 14 14
32923 14
4 0 62 255 255
32829 255
4 228 0 14 14
32925 14
4 0 217 255 255
32828 255
4 172 0 14 14
32925 14
4 0 148 255 255
32828 255
4 148 0 14 14
32925 14
4 0 145 255 255
32828 255
4 145 0 14 14
32925 14
4 0 136 255 255
32828 255
4 145 0 14 14
32925 14
4 0 136 255 255
32828 255
4 145 0 14 14
32925 14
4 0 136 255 255
32828 255
4 145 0 14 14
32925 14
4 0 136 255 255
32828 255
4 145 0 14 14
32925 14
4 0 136 255 255
32828 255
4 145 0 14 14
32925 14
4 0 136 255 255
32828 255
4 145 0 14 14
32925 14
4 0 136 255 255
32828 255
4 145 0 14 14
32925 14
4 0 136 255 255
32828 255
4 145 0 14 14
32925 14
4 0 136 255 255
32828 255
4 145 0 14 14
32925 14
4 0 136 255 255
32828 255
4 145 0 14 14
32925 14
4 0 136 255 255
32828 255
4 145 0 14 14
32925 14
4 0 136 255 255
32828 255
4 145 0 14 14
32925 14
4 0 136 255 255
32828 255
4 145 0 14 14
32925 14
4 0 136 255 255
32828 255
4 145 0 14 14
32925 14
4 0 136 255 255
32828 255
4 145 0 14 14
32925 14
4 0 136 255 255
32828 255
4 145 0 14 14
32925 14
4 0 136 255 255
32828 255
4 145 0 14 14
32925 14
4 0 136 255 255
32828 255
4 145 0 14 14
32925 14
4 0 136 255 255
32828 255
4 145 0 14 14
32925 14
4 0 136 255 255
32828 255
4 145 0 14 14
32925 14
4 0 136 255 255
32828 255
4 145 0 14 14
32925 14
4 0 136 255 255
32828 255
4 145 0 14 14
32925 14
4 0 136 255 255
32828 255
4 145 0 14 14
32925 14
4 0 136 255 255
32828 255
4 145 0 14 14
32925 14
4 0 136 255 255
32828 255
4 145 0 14 14
32925 14
4 0 136 255 255
32828 255
4 145 0 14 14
32925 14
4 0 136 255 255
32828 255
4 145 0 14 14
32925 14
4 0 136 255 255
32828 255
4 145 0 14 14
32925 14
4 0 136 255 255
32828 255
4 145 0 14 14
32925 14
4 0 136 255 255
32828 255
4 145 0 14 14
32925 14
4 0 136 255 255
32828 255
4 145 0 14 14
32925 14
4 0 136 255 255
32828 255
4 145 0 14 14
32925 14
4 0 136 255 255
32828 255
4 145 0 14 14
32925 14
4 0 136 255 255
32828 255
4 145 0 14 14
32925 14
4 0 136 255 255
32828 255
4 145 0 14 14
32925 14
4 0 136 255 255
32828 255
4 145 0 14 14
32925 14
4 0 136 255 255
32828 255
4 145 0 14 14
32925 14
4 0 136 255 255
32828 255
4 145 0 14 14
32925 14
4 0 136 255 255
32828 255
4 145 0 14 14
32925 14
4 0 136 255 255
32828 255
4 145 0 14 14
32925 14
4 0 136 255 255
32828 255
4 145 0 14 14
32925 14
4 0 136 255 255
32828 255
4 145 0 14 14
32925 14
4 0 136 255 255
32828 255
4 145 0 14 14
32925 14
4 0 136 255 255
32828 255
4 145 0 14 14
32925 14
4 0 136 255 255
32828 255
4 145 0 14 14
32925 14
4 0 136 255 255
32828 255
4 145 0 14 14
32925 14
4 0 136 255 255
32828 255
4 145 0 14 14
32925 14
4 0 136 255 255
32828 255
4 145 0 14 14
32925 14
4 0 136 255 255
32828 255
4 145 0 14 14
32925 14
4 0 136 255 255
32828 255
4 145 0 14 14
32925 14
4 0 136 255 255
32828 255
4 145 0 14 14
32925 14
4 0 136 255 255
32828 255
4 145 0 14 14
32925 14
4 0 136 255 255
32828 255
4 145 0 14 14
32925 14
4 0 136 255 255
32828 255
4 145 0 14 14
32925 14
4 0 136 255 255
32828 255
4 145 0 14 14
32925 14
4 0 136 255 255
32828 255
4 145 0 14 14
32925 14
4 0 136 255 255
32828 255
4 145 0 14 14
32925 14
4 0 136 255 255
32828 255
4 145 0 14 14
32925 14
4 0 136 255 255
32828 255
4 145 0 14 14
32925 14
4 0 136 255 255
32828 255
4 145 0 14 14
32925 14
4 0 136 255 255
32828 255
4 145 0 14 14
32925 14
4 0 136 255 255
32828 255
4 145 0 14 14
32925 14
4 0 136 255 255
32828 255
4 145 0 14 14
32925 14
4 0 136 255 255
32828 255
4 145 0 14 14
32925 14
4 0 136 255 255
32828 255
4 145 0 14 14
32925 14
4 0 136 255 255
32828 255
4 145 0 14 14
32925 14
4 0 136 255 255
32828 255
4 145 0 14 14
32925 14
4 0 136 255 255
32828 255
4 145 0 14 14
32925 14
4 0 136 255 255
32828 255
4 145 0 14 14
32925 14
4 0 136 255 255
32828 255
4 145 0 14 14
32925 14
4 0 136 255 255
32828 255
4 145 0 14 14
32925 14
4 0 136 255 255
32828 255
4 145 0 14 14
32925 14
4 0 136 255 255
32828 255
4 145 0 14 14
32925 14
4 0 136 255 255
32828 255
4 145 0 14 14
32925 14
4 0 136 255 255
32828 255
4 145 0 14 14
32925 14
4 0 136 255 255
32828 255
4 145 0 14 14
32925 14
4 0 136 255 255
32828 255
4 145 0 14 14
32925 14
4 0 136 255 255
32828 255
4 145 0 14 14
32925 14
4 0 136 255 255
32828 255
4 145 0 14 14
32925 14
4 0 136 255 255
32828 255
4 145 0 14 14
32925 14
4 0 136 255 255
32828 255
4 145 0 14 14
32925 14
4 0 136 255 255
32828 255
4 145 0 14 14
32925 14
4 0 136 255 255
32828 255
4 145 0 14 14
32925 14
4 0 136 255 255
32828 255
4 145 0 14 14
32925 14
4 0 136 255 255
32828 255
4 145 0 14 14
32925 14
4 0 136 255 255
32828 255
4 145 0 14 14
32925 14
4 0 136 255 255
32828 255
4 145 0 14 14
32925 14
4 0 136 255 255
32828 255
4 145 0 14 14
32925 14
4 0 136 255 255
32828 255
4 145 0 14 14
32925 14
4 0 136 255 255
32828 255
4 145 0 14 14
32925 14
4 0 136 255 255
32828 255
4 145 0 14 14
32925 14
4 0 136 255 255
32828 255
4 145 0 14 14
32925 14
4 0 136 255 255
32828 255
4 145 0 14 14
32925 14
4 0 136 255 255
32828 255
4 145 0 14 14
32925 14
4 0 136 255 255
32828 255
4 145 0 14 14
32925 14
4 0 136 255 255
32828 255
4 145 0 14 14
32925 14
4 0 136 255 255
32828 255
4 145 0 14 14
32925 14
4 0 136 255 255
32828 255
4 145 0 14 14
32925 14
4 0 136 255 255
32828 255
4 145 0 14 14
32925 14
4 0 136 255 255
32828 255
4 145 0 14 14
32925 14
4 0 136 255 255
32828 255
4 145 0 14 14
32925 14
4 0 136 255 255
32828 255
4 145 0 14 14
32925 14
4 0 136 255 255
32828 255
4 145 0 14 14
32925 14
4 0 136 255 255
32828 255
4 145 0 14 14
32925 14
4 0 136 255 255
32828 255
4 145 0 14 14
32925 14
4 0 136 255 255
32828 255
4 145 0 14 14
32925 14
4 0 136 255 255
32828 255
4 145 0 14 14
32925 14
4 0 136 255 255
32828 255
4 145 0 14 14
32925 14
4 0 136 255 255
32828 255
4 145 0 14 14
32925 14
4 0 136 255 255
32828 255
4 145 0 14 14
32925 14
4 0 136 255 255
32828 255
4 145 0 14 14
32925 14
4 0 136 255 255
32828 255
4 145 0 14 14
32925 14
4 0 136 255 255
32828 255
4 145 0 14 14
32925 14
4 0 136 255 255
32828 255
4 145 0 14 14
32925 14
4 0 136 255 255
32828 255
4 145 0 14 14
32925 14
4 0 136 255 255
32828 255
4 145 0 14 14
32925 14
4 0 136 255 255
32828 255
4 145 0 14 14
32925 14
4 0 136 255 255
32828 255
4 145 0 14 14
32925 14
4 0 136 255 255
32828 255
4 145 0 14 14
32925 14
4 0 136 255 255
32828 255
4 145 0 14 14
32925 14
4 0 136 255 255
32828 255
4 145 0 14 14
32925 14
4 0 136 255 255
32828 255
4 145 0 14 14
32925 14
4 0 136 255 255
32828 255
4 145 0 14 14
32925 14
4 0 136 255 255
32828 255
4 145 0 14 14
32925 14
4 0 136 255 255
32828 255
4 145 0 14 14
32925 14
4 0 136 255 255
32828 255
4 145 0 14 14
32925 14
4 0 136 255 255
32828 255
4 145 0 14 14
32925 14
4 0 136 255 255
32828 255
4 145 0 14 14
32925 14
4 0 136 255 255
32828 255
4 145 0 14 14
32925 14
4 0 136 255 255
32828 255
4 145 0 14 14
32925 14
4 0 136 255 255
32828 255
4 145 0 14 14
32925 14
4 0 136 255 255
32828 255
4 145 0 14 14
32925 14
4 0 136 255 255
32828 255
4 145 0 14 14
32925 14
4 0 136 255 255
32828 255
4 145 0 14 14
32925 14
4 0 136 255 255
32828 255
4 145 0 14 14
32925 14
4 0 136 255 255
32828 255
4 145 0 14 14
32925 14
4 0 136 255 255
32828 255
4 145 0 14 14
32925 14
4 0 136 255 255
32828 255
4 145 0 14 14
32925 14
4 0 136 255 255
32828 255
4 145 0 14 14
32925 14
4 0 136 255 255
32828 255
4 145 0 14 14
32925 14
4 0 136 255 255
32828 255
4 145 0 14 14
32925 14
4 0 136 255 255
32828 255
4 145 0 14 14
32925 14
4 0 136 255 255
32828 255
4 145 0 14 14
32925 14
4 0 136 255 255
32828 255
4 145 0 14 14
32925 14
4 0 136 255 255
32828 255
4 145 0 14 14
32925 14
4 0 136 255 255
32828 255
4 145 0 14 14
32925 14
4 0 136 255 255
32828 255
4 145 0 14 14
32925 14
4 0 136 255 255
32828 255
4 147 0 14 14
32925 14
4 0 136 255 255
32828 255
4 172 0 14 14
32925 14
4 0 148 255 255
32828 255
4 208 0 14 14
32925 14
4 0 202 255 255
32829 255
4 38 0 14 14
32923 14
4 9 0 255 255
32830 255
4 208 0 14 14
32923 14
4 0 202 255 255
32831 255
5 182 0 0 14 14
32919 14
5 0 0 182 255 255
32833 255
4 228 108 0 0
32919 0
4 108 225 255 255
32837 255
3 234 228 228
32915 228
3 234 255 255
38205 255
